{
   "groups" : [
      {
         "all_goals" : [],
         "exit_id" : -1,
         "goal" : {
            "goal_data" : {
               "description" : "",
               "nav_angle_w" : 1,
               "nav_angle_x" : 0,
               "nav_angle_y" : 0,
               "nav_angle_z" : 0,
               "nav_map_name" : "",
               "nav_pose_x" : 0,
               "nav_pose_y" : 0,
               "nav_pose_z" : 0
            },
            "goal_id" : -1
         },
         "points" : [
            {
               "angle_accuracy" : 0.30000001192092896,
               "drive_forward" : 1,
               "group_id" : 0,
               "horn_mode" : -1,
               "id" : 0,
               "map_x" : 902.88372093023247,
               "map_y" : 946.74418604651157,
               "nav_max_turn" : 0.5,
               "nav_max_vel" : 1,
               "nav_mode" : 1,
               "patience" : -1,
               "pose" : {
                  "description" : "Point 0",
                  "nav_angle_w" : 0.85332193444100435,
                  "nav_angle_x" : 0,
                  "nav_angle_y" : 0,
                  "nav_angle_z" : -0.52138438430956335,
                  "nav_map_name" : "sutd_cgh_lab",
                  "nav_pose_x" : -4.4249999999999998,
                  "nav_pose_y" : 0.97499999999999998,
                  "nav_pose_z" : 0
               },
               "position_accuracy" : 0.30000001192092896,
               "using_custom_orientation" : false
            },
            {
               "angle_accuracy" : 0.30000001192092896,
               "drive_forward" : -1,
               "group_id" : 0,
               "horn_mode" : -1,
               "id" : 1,
               "map_x" : 922.1395348837209,
               "map_y" : 985.25581395348843,
               "nav_max_turn" : 0.20000000000000001,
               "nav_max_vel" : 0.5,
               "nav_mode" : 1,
               "patience" : -1,
               "pose" : {
                  "description" : "Point 1",
                  "nav_angle_w" : 0.85065080835203999,
                  "nav_angle_x" : 0,
                  "nav_angle_y" : 0,
                  "nav_angle_z" : -0.52573111211913359,
                  "nav_map_name" : "sutd_cgh_lab",
                  "nav_pose_x" : -4.125,
                  "nav_pose_y" : 0.39000000000000001,
                  "nav_pose_z" : 0
               },
               "position_accuracy" : 0.30000001192092896,
               "using_custom_orientation" : false
            }
         ],
         "repeat_count" : 0,
         "start_id" : -1
      }
   ],
   "repeat_count" : 0
}
